0 0 p2 12 15 13 14 12 12 11 12 10 13 12
1 1 p1 8 12 6 12 8 14 10 12 12 14 6 15 11 11 5 14 5 14 7
1 2 p2 10 15 5 11 7 13 12 13 8 15 7 12 6
1 3 p4 8 13 6 12 5 15 6 14 10 15 12 14 9 13 11 12 7 11 9
2 4 p5 11 13 8 12 10 12 11 13 7 11 8 13 11 13 8
2 5 p3 12 14 11 12 7 12 9 13 6 15 12 15 8 14 7 11 13 14 7 15 8 14 12
3 6 p5 11 12 8 12 11 15 9 15 10 14 5 12 13
4 7 p3 11 15 13 12 8 13 9 11 11 14 11 11 7 15 12 14 5 14 8
4 8 p1 11 15 8 12 13 11 11 15 9 14 9 15 13 14 9 12 12 13 7
5 9 p4 8 11 6 13 7 11 7 13 11 14 7
5 10 p1 11 14 11 12 13 14 5 14 9 14 7 15 13 14 6 13 7
6 11 p4 5 13 13 12 6 13 7 11 10 11 5 15 10 15 12 15 7 15 5
6 12 p5 6 13 7 12 8 15 5 13 11 14 12 14 10 14 8
7 13 p1 9 11 11 12 11 11 7 14 6 12 8 11 13 15 10
8 14 p3 6 13 12 15 5 11 13 14 6 14 7 11 5 14 7 14 12 12 13 11 13 12 6
8 15 p5 11 15 10 13 10 15 5 11 5 12 6 11 9
9 16 p1 9 11 12 15 10 15 6 15 9 11 6 15 10 15 10 12 11 15 6
10 17 p3 7 11 10 14 11 12 8 12 5 11 9 11 11 12 7 12 7 11 7 15 10
10 18 p1 13 14 7 13 13 15 10 13 8 15 11 14 6 13 5 15 13
10 19 p2 10 12 7 13 5 13 13 14 11 15 5 12 6 13 9 11 12 15 12 11 5
11 20 p2 9 15 12 12 6 11 8 12 5 14 12 13 7 14 5 12 6 14 8 15 13 15 9
11 21 p1 13 11 6 13 6 12 13 14 5 11 9 13 9 11 6 13 11 15 9
12 22 p4 10 13 7 15 7 13 11 11 11 14 13 15 13
13 23 p5 12 11 8 12 8 14 9 13 13 11 9 15 8 12 10 14 10 11 12 11 6 14 9
13 24 p2 8 11 12 14 8 14 6 13 5 11 5 15 12
14 25 p1 6 14 13 13 11 12 6 14 9 11 11
14 26 p4 12 11 13 12 13 13 7 11 9 13 9
14 27 p1 9 11 8 14 10 12 9 13 9 12 11 14 13 15 11 12 6 15 7
15 28 p2 5 11 13 13 8 13 13 13 6 11 13 15 6 13 7 13 11 12 13
16 29 p2 9 11 9 13 10 13 5 13 7 11 12 11 11 13 5 15 5 15 11 15 6 12 10
16 30 p3 5 11 11 11 5 12 5 14 12 13 6
16 31 p4 12 14 5 14 9 14 10 13 7 14 12 14 10 14 12 11 6 13 5
17 32 p4 5 12 8 11 6 14 13 11 6 14 5 12 6
18 33 p5 6 11 5 12 9 11 6 14 5 14 8 12 8 14 11 14 11 15 8 12 12 12 8
19 34 p4 8 15 7 12 13 15 11 12 8 12 5 15 9 14 12
20 35 p2 12 11 13 15 5 11 7 13 8 14 12 11 12 13 7 15 9 12 9 11 12
20 36 p1 7 12 9 12 13 12 8 12 5 13 9 11 10 14 11 13 10 15 12 15 11 15 7
20 37 p1 9 11 5 15 7 11 12 11 8 11 10 12 5 13 6 12 7 14 11
21 38 p3 9 14 12 13 11 12 11 14 11 11 11 15 10 12 10 15 8 14 5 13 13
21 39 p2 6 11 9 13 5 11 7 15 12 15 5
21 40 p4 10 11 10 13 10 12 10 12 6 13 6 11 8 13 9 15 9 14 10 15 13 11 9
22 41 p5 13 14 8 12 11 14 10 13 7 13 13 12 8 13 8 14 11 15 13 15 10 15 12
22 42 p3 8 15 9 13 7 15 10 12 8 14 12 15 7 15 9
22 43 p4 13 15 13 12 5 15 5 15 8 11 10 14 11 14 6 15 7
23 44 p5 11 13 10 13 5 12 6 12 6 14 6 13 10 14 13 15 10 14 13 15 11 13 8
23 45 p4 6 12 9 13 13 12 7 15 7 13 6 11 5 14 11
23 46 p2 10 11 10 12 8 13 10 14 9 11 11 11 8
24 47 p2 11 12 10 14 11 15 9 15 7 14 6 13 9 14 8 12 7
24 48 p3 10 15 9 12 8 11 13 15 9 13 10 15 10 11 7 15 11 14 9 11 13
24 49 p5 8 11 12 14 6 14 13 14 7 15 5 11 11 15 12 11 13 14 11 14 12
25 50 p3 12 13 12 13 5 13 12 15 13 11 5 13 7 13 6 15 5 13 7 15 9
26 51 p4 5 13 12 12 11 12 8 14 11 11 5 13 10 15 8 11 5 12 7
26 52 p4 11 15 6 12 11 12 8 11 12 15 9 12 6 12 7
27 53 p4 9 13 5 14 12 11 10 15 13 15 10 11 7 14 5 13 5 11 10 11 11 11 12
28 54 p4 12 13 9 12 12 14 13 14 10 14 10 14 7 12 11 13 13 12 6 11 7 11 12
28 55 p2 5 14 13 14 13 15 12 11 11 12 9 12 5 13 5 15 7
29 56 p1 9 11 6 12 6 13 13 15 5 11 7
30 57 p2 9 14 9 11 6 13 5 13 10 11 11 12 13 11 11 14 12 11 8
30 58 p3 5 11 10 11 7 15 12 13 11 11 7 13 6 15 5 11 11
30 59 p5 9 11 5 11 12 11 13 13 7 11 8 15 13 12 12 12 7
31 60 p1 9 11 5 12 8 13 7 12 6 12 11 12 9 13 10 15 5
31 61 p3 9 14 11 11 10 14 11 11 11 14 7 11 13 15 7 14 13 13 11 11 8
31 62 p3 11 14 9 11 13 15 8 12 13 15 6 14 5 12 11 13 12 14 11
32 63 p1 13 11 7 11 6 12 7 13 9 11 11 13 9 13 6 13 13 14 10 14 13 15 7
32 64 p5 5 14 13 14 6 11 10 14 5 15 7
32 65 p2 5 14 8 14 7 13 12 14 7 13 13 13 6 11 12 13 7
33 66 p3 10 11 10 13 10 12 13 13 7 13 5 12 6
33 67 p5 6 13 12 15 11 15 5 14 6 12 8 13 10 11 13 12 10 11 6 12 10
33 68 p5 7 11 7 14 13 14 9 14 5 14 10 12 10 15 11
34 69 p5 9 12 9 12 8 15 12 14 12 14 7 11 10 12 10 15 11 13 8 14 5
34 70 p3 7 14 8 15 10 11 9 13 6 12 12 11 6 11 8 13 7 12 5
35 71 p5 9 11 11 12 11 11 6 12 5 12 11 14 12
36 72 p2 11 14 12 11 10 13 8 14 13 14 5 11 6
37 73 p5 9 13 10 12 11 12 5 14 13 14 10
37 74 p3 13 15 5 13 10 12 8 15 13 12 6 11 13 14 6 15 8 14 12 14 8 13 8
38 75 p3 8 13 8 12 12 15 13 15 13 15 5 15 8
38 76 p4 5 13 6 12 13 14 9 13 11 13 12 15 10
38 77 p4 11 14 9 13 7 14 9 12 12 14 7 11 10 13 6 11 7
39 78 p5 7 14 7 15 9 12 8 14 7 11 11 15 13 13 6 14 6 15 5
39 79 p1 7 14 7 15 5 13 12 13 11 14 7
39 80 p1 6 11 9 11 6 11 7 15 5 13 8 13 12 13 7
40 81 p4 5 13 8 12 9 14 6 11 7 11 9 11 6
40 82 p1 10 11 9 14 10 14 10 15 12 14 5 15 11 14 9 12 7
40 83 p2 7 12 12 15 8 13 11 15 9 12 5 14 7 13 12 11 8 14 8
41 84 p5 10 13 9 14 9 15 8 11 6 15 10 11 5 13 7 14 10 13 9 13 13 15 10
41 85 p2 8 12 11 11 9 14 13 15 5 15 5 12 10
41 86 p3 10 14 12 14 7 11 10 15 11 12 13 13 8 12 8 12 7
42 87 p3 8 12 11 12 11 13 6 12 13 15 12 13 13 15 7
42 88 p5 8 11 5 15 7 15 11 13 9 11 7
42 89 p3 6 13 7 11 12 11 12 12 7 15 8 13 10 13 8 14 5 14 7 14 13 15 11
43 90 p1 13 11 11 12 13 15 9 13 13 13 13 13 7 11 12 13 12 13 9 11 13 12 5
44 91 p2 5 15 9 11 8 14 6 12 11 11 12 14 12 15 9 15 10
45 92 p2 13 13 5 14 8 11 6 11 10 11 12 15 10 15 11 14 13 11 8
46 93 p1 11 12 10 13 7 12 5 14 11 15 8 11 5 15 11
47 94 p3 8 11 6 14 9 14 9 11 11 14 5
47 95 p5 10 12 9 11 9 15 5 15 11 14 5 14 6 14 9
48 96 p4 7 13 12 15 10 14 8 15 12 13 12 11 6 14 11 14 11
48 97 p4 12 12 8 12 11 14 8 14 13 12 7 15 7 14 10 13 12 15 6 13 11
49 98 p1 13 11 9 13 9 11 12 13 7 15 11 13 7 12 11 11 11 14 7 11 9 13 5
49 99 p2 10 11 6 13 8 13 7 15 5 12 7 11 10 11 13 12 10 15 9 12 8 14 13
