0 0 p2 19 12 18 2 17 14 17 19 5 2 5 5 18 4 19 2 14 18 20
0 1 p1 9 2 13 18 14 16 17 18 5 11 20 10 10
0 2 p4 20 2 9 2 16 4 20 1 2 11 2 14 2 3 13 17 18 14 12 18 20
0 3 p4 9 18 15 9 4 1 9 12 3 17 14 10 5
0 4 p3 2 19 20 6 2 13 13 6 7 6 10 9 10 1 18 20 20 15 20
0 5 p3 1 10 11 7 1 5 17 17 14 2 15 20 13 2 3 15 15
1 6 p4 20 9 8 9 16 8 2 7 14 19 16 7 3 5 9
1 7 p4 6 2 10 16 7 7 6 1 2 6 19 17 6 1 12 12 16
2 8 p2 17 17 7 5 6 12 11 14 5 4 7 17 20
2 9 p5 15 12 9 19 7 7 9 20 5 15 5 8 18 2 13
2 10 p2 5 19 14 17 4 7 2 5 5 10 6 12 16 11 6 15 2
2 11 p1 18 16 9 19 5 16 2 20 20
2 12 p5 4 5 1 8 15 18 19 18 2 14 2 13 2 2 9 9 13 11 11
3 13 p4 20 15 16 1 16 20 10 16 12 7 6 2 15
3 14 p4 2 18 17 2 8 16 17 3 13 19 15 8 5 2 7 20 5 2 14 2 5
3 15 p4 10 18 2 7 12 16 9 17 19 9 19
3 16 p1 14 9 10 16 8 1 10 20 13 11 11 11 2 11 11 17 20
3 17 p5 1 19 18 20 3 11 1 1 13
3 18 p5 9 6 8 2 10 5 2 9 20 15 7 16 17 15 4
3 19 p2 10 3 3 4 6 18 2 16 14 13 1 18 19 5 14
3 20 p3 9 11 20 11 16 20 6 12 3 7 14 12 12 10 4 3 3 18 12
3 21 p3 12 6 3 4 20 5 20 20 20 14 8 13 18
3 22 p3 6 10 13 12 17 13 20 15 15
3 23 p5 5 4 7 4 18 5 15 12 1
3 24 p1 14 1 13 16 8 1 16 9 19 12 11 19 6 16 2 5 14
3 25 p5 6 1 20 1 11 5 20 2 4 19 7 14 11 8 14
3 26 p3 6 2 20 14 13 15 8 11 5 2 5
3 27 p1 20 11 20 10 20 15 16 7 4
3 28 p5 20 5 3 13 19 18 13 6 17 7 3 3 16 6 14 12 20 6 5 7 6 14 15
3 29 p5 10 13 6 17 15 17 14 13 20 18 9 12 4 5 6
3 30 p5 15 5 9 11 18 8 13 16 19 4 18 20 8 3 13 7 10 13 16 1 1 3 12
4 31 p2 4 1 14 17 1 14 10 8 2 13 16
4 32 p3 19 6 16 8 3 2 7 5 6 3 12 2 18 16 20 7 13 17 19 7 10
4 33 p1 14 12 20 11 20 5 11 1 18 13 17 16 18 1 19 20 19 1 12 3 6
4 34 p2 1 6 1 3 6 19 9 19 18 15 9 8 7 1 3 20 17 7 5
4 35 p4 18 5 6 19 1 12 16 7 6
4 36 p1 11 6 17 1 16 18 2 11 5 14 19 18 20
4 37 p1 12 9 13 7 20 18 14 13 16 20 15 10 7 2 5
4 38 p4 17 9 12 13 12 15 14 5 6
4 39 p1 10 12 15 5 5 19 9 6 3 18 19 3 12 5 17
4 40 p1 11 13 7 4 14 16 13 2 12
4 41 p4 7 10 12 8 6 20 6 4 7 17 6
4 42 p3 9 19 10 8 6 19 14 6 20 5 18 9 1
4 43 p5 1 14 13 4 19 16 8 12 14 11 18
4 44 p5 17 5 10 10 17 11 20 10 7 8 16 13 11 1 15 14 17 13 8
5 45 p5 7 2 4 14 11 1 2 8 20 11 19 4 7
5 46 p1 15 8 10 9 12 15 9 10 10 3 16 6 12 14 6 12 16 15 6
5 47 p1 9 20 12 19 1 3 20 1 11 4 16 17 5
5 48 p3 10 10 15 7 7 14 11 7 1 19 20 11 19 2 3
6 49 p1 2 7 16 4 14 14 14 2 2 18 13 2 10 4 18 4 15
6 50 p3 3 5 8 12 9 14 11 10 16 7 19 10 6 13 20 11 16
6 51 p3 20 19 7 17 6 17 7 16 1 17 17 3 10 6 8 6 8 13 5
6 52 p4 3 4 5 13 6 10 8 10 9
6 53 p1 4 13 8 2 8 13 19 7 14 16 20 12 19
6 54 p4 11 10 12 16 1 15 11 2 18 8 18 4 1 2 9
6 55 p3 16 6 4 3 19 10 18 19 1 18 18 8 17 6 11 16 4
6 56 p2 7 17 1 4 20 11 3 9 16 3 6 2 6 14 18 15 20 16 9 5 2 9 12
6 57 p5 6 1 4 17 1 3 20 8 8 6 20 17 14
6 58 p5 20 19 19 9 16 4 18 14 9 3 12 13 4 6 15 1 1 1 5
6 59 p5 5 4 6 12 8 4 9 8 12 20 13 16 15
6 60 p3 2 12 12 3 19 13 9 7 19 4 6 19 5 16 14 6 16 16 19 20 8
6 61 p4 3 7 5 10 17 16 20 3 8
6 62 p3 15 14 3 9 4 15 11 3 18 14 19 11 5 3 17 6 15 10 13 20 11 19 1
6 63 p1 4 5 3 12 1 16 12 18 9
7 64 p5 13 8 12 13 1 1 19 4 11 15 8
7 65 p3 16 8 5 4 7 3 20 8 12 7 15 16 10 6 1
7 66 p1 3 14 19 9 3 4 13 8 4 13 11 5 11 1 9 10 5 19 14 9 18
7 67 p1 11 3 8 8 17 11 8 9 19
7 68 p5 14 3 17 20 17 14 9 19 17 4 11 12 1 9 5 4 19
7 69 p3 20 14 12 15 7 9 13 11 16 5 6
7 70 p4 3 10 4 10 7 15 18 14 14 7 16 8 15 9 16 8 11 20 6 17 1 9 4
7 71 p3 17 9 18 10 16 1 7 19 6 3 2 10 6 14 14 9 11
7 72 p1 1 9 11 7 7 3 6 15 17 10 10 2 6 2 5
8 73 p2 10 17 3 15 20 10 1 7 11 4 4 12 20 14 13 20 6 20 10
8 74 p1 11 14 7 12 12 3 13 19 15 16 20 13 11 3 20 18 19 12 9 4 7 10 4
8 75 p1 12 8 11 7 1 3 5 7 20 13 3 4 15 2 4 11 14 7 11
8 76 p4 4 14 15 7 18 9 20 9 16 9 17 2 10 8 7 18 18 20 2
8 77 p2 1 20 13 16 16 8 16 5 19 8 19
9 78 p2 8 17 15 9 10 5 4 13 4 19 6
9 79 p2 3 7 12 10 7 8 9 7 13 14 1 20 10 18 9
9 80 p2 4 7 6 17 16 11 5 18 9 6 15 9 17 20 14 18 17 1 19 3 6
9 81 p2 4 2 4 9 18 4 17 1 5
9 82 p3 19 2 16 16 7 7 14 1 16 4 7 17 15 17 4 16 20 16 17 1 15
9 83 p4 16 3 4 9 1 15 14 4 17 14 10 7 8 20 9 3 18 17 9 18 18
9 84 p2 2 17 9 3 17 5 20 12 10 19 17 10 15 4 3 14 10 3 1 11 3 11 3
9 85 p2 3 15 18 16 7 19 10 8 14 2 12
9 86 p2 12 18 12 6 2 6 3 11 15 11 8 11 10 15 8
9 87 p5 6 12 19 14 15 18 19 14 18 5 19
9 88 p2 15 6 9 7 19 3 10 14 11 5 16 2 8 19 2 19 17 10 5 9 11
9 89 p2 17 19 5 2 18 2 2 1 18 15 2 3 12 2 9 6 18 14 12 10 8 12 8
9 90 p4 15 13 1 14 10 20 13 14 12
9 91 p2 3 5 12 16 14 19 1 2 19 12 3 1 15
9 92 p2 14 3 15 7 10 7 19 11 3 8 7 19 6 17 17 19 7 11 14 16 3
9 93 p4 4 2 16 9 12 3 16 5 4 12 5 16 7 4 10
9 94 p5 12 13 7 15 2 9 10 17 10 2 11 3 19 12 12 10 14
9 95 p5 7 6 3 9 2 20 11 11 13 9 19 16 16 5 19 3 12 16 9
10 96 p4 14 8 19 5 16 9 15 20 14 8 18
10 97 p3 19 9 12 12 18 16 8 2 6 6 17 20 10 4 18 3 9
10 98 p3 20 5 1 9 4 3 18 5 11
10 99 p4 7 8 9 1 2 13 16 12 20 10 14 4 16 7 16 1 3 11 5 16 15 20 13