0 0 p4 22 3 38 6 14 1 39 8 29 3 23 5 12 8 28 4 21 6 34
0 1 p5 31 5 38 7 39 2 38 6 32 1 33
0 2 p3 16 8 18 11 12 8 16 1 19 8 16 6 38 8 16 2 37 4 37 4 12 8 37
0 3 p4 38 10 33 5 37 2 38 7 34 8 15 2 39 5 30 11 35 11 12
0 4 p2 19 1 12 9 34 10 34 6 31 5 15 6 15 2 30
1 5 p1 35 3 26 5 33 1 14 3 38 9 24 2 33 11 13 10 35 7 38 6 17
1 6 p1 33 4 34 2 26 1 26 3 16 8 15 5 39 4 32 3 24 5 17 9 38 11 28
1 7 p2 19 6 33 11 33 3 20 7 40 11 21 3 40 4 29 1 14 4 16
1 8 p4 26 4 30 0 24 5 28 8 28 0 13 5 13 2 14 5 27 7 24 2 27 2 38
1 9 p4 26 4 12 4 38 2 34 2 27 10 12 8 12 8 24 5 14 6 22
1 10 p2 26 8 34 1 23 2 24 0 11 1 15 7 34 5 20 4 37 1 18 9 28
1 11 p5 19 4 16 6 20 6 11 3 28 7 36
1 12 p1 21 5 16 3 24 5 31 8 21 2 17
1 13 p2 31 4 20 2 30 7 17 9 21 3 19 6 30 6 32 8 13 8 32 4 28 6 35
1 14 p1 18 8 40 6 13 10 28 8 20 8 39 10 32 7 39 2 36
2 15 p1 20 8 15 9 24 6 12 10 17 9 31 3 32 8 15
2 16 p1 17 5 22 5 37 7 11 2 23 7 25 4 30 6 37
2 17 p4 28 5 23 0 20 9 38 6 21 8 16 0 21 4 16 0 11 5 11 0 29 5 33
2 18 p5 33 4 29 8 29 3 14 0 14 5 17 4 40 5 12
2 19 p1 26 6 13 1 21 5 21 7 15 4 26 2 27 3 22 6 36 2 39 4 14
2 20 p4 13 2 13 6 24 8 28 9 31 4 16 4 30 2 13 9 33 5 16 7 30 11 38
2 21 p3 26 8 35 7 20 7 36 10 27 4 14 5 25
2 22 p4 15 6 35 5 36 7 34 5 40 1 19 4 31 4 23 3 23
3 23 p2 25 2 40 10 13 6 33 3 39 4 34 9 35 1 36 9 35
3 24 p4 17 2 32 6 38 6 25 4 20 3 40 9 35
4 25 p1 26 10 16 2 14 1 40 5 38 7 18 4 34 7 33 7 34 2 32
4 26 p2 19 8 39 4 26 4 28 2 38 0 37 2 34 7 38 4 13 2 23 11 33 8 22
4 27 p4 29 11 12 0 34 2 11 1 13 0 11 4 14 9 34 10 29 8 31
4 28 p3 40 8 12 8 30 3 36 9 20 11 11 0 22 11 11 3 38 3 26
4 29 p1 35 9 23 4 28 9 25 1 27 3 33 1 18
4 30 p3 40 4 19 11 32 11 34 6 28 8 24 6 23
4 31 p2 14 1 29 7 34 1 30 3 32 1 38 3 39 3 34 2 26 6 21
4 32 p1 37 1 29 1 33 9 31 1 24 1 14 2 21 7 32
4 33 p3 38 6 30 6 13 1 21 2 25 8 12 7 40 8 20 11 23 1 20 4 35 5 31
4 34 p3 39 2 33 5 12 7 32 7 29 1 39 7 17 4 32 1 12
5 35 p1 14 2 27 6 25 3 15 2 13 10 32 10 18 9 23
5 36 p3 40 5 22 1 38 3 34 2 13 0 26
5 37 p3 36 3 20 6 16 10 19 8 33 6 21 5 34 1 23 9 35 3 35 3 19
5 38 p5 24 3 33 7 22 2 16 1 29 2 39 10 35 8 21 8 14 10 22 7 14 9 34
5 39 p1 17 8 25 1 38 0 14 8 13 3 17 3 28 7 15 2 31 3 31 10 22 2 21
5 40 p1 34 5 17 4 20 3 12 3 16 1 35
6 41 p5 40 1 29 6 24 6 27 5 26 6 19
6 42 p2 16 4 20 3 27 0 39 2 17 3 16 8 40 5 31
6 43 p5 39 2 37 9 23 5 31 6 20 4 29
6 44 p3 38 3 34 6 36 4 17 7 18 1 23 10 26 4 15 1 39
6 45 p4 24 3 17 5 37 8 16 6 29 1 12 8 24 7 11 10 15 2 23 2 37 6 28
6 46 p5 14 5 19 2 28 4 22 3 30 10 22 3 36 2 22 10 26 11 35
7 47 p4 39 5 35 5 14 0 35 3 15 9 17 8 24 2 27
7 48 p1 11 5 32 1 22 1 16 8 11 6 20 7 17 11 25 5 34 2 36 9 40
7 49 p5 37 0 25 11 28 8 11 8 18 2 15
7 50 p4 15 4 28 10 38 10 13 0 23 4 30 0 16
8 51 p5 18 2 35 5 38 5 35 8 20 6 32
8 52 p3 24 2 26 1 26 3 32 4 24 5 13
8 53 p1 15 8 11 7 24 10 26 6 13 3 26 8 27
8 54 p3 40 2 26 6 13 3 38 4 20 7 31 7 35
8 55 p2 38 11 31 7 19 2 29 5 21 1 40 4 18 8 16 6 13 8 40 11 20 1 27
8 56 p5 35 11 32 6 15 8 17 6 37 9 38 5 25 6 22 1 28
8 57 p5 19 4 21 4 28 5 40 2 11 5 11
8 58 p2 35 7 39 3 14 11 24 4 35 6 21 11 13 1 38
8 59 p5 24 3 31 11 14 7 34 4 27 8 27 8 39 6 35 2 16 8 25 7 18
8 60 p5 26 1 37 1 14 8 20 7 31 11 30 4 17 2 13 8 26
9 61 p3 18 0 20 11 21 3 11 8 33 7 38
9 62 p4 11 10 12 2 25 7 28 1 16 7 36 5 37
9 63 p2 21 6 12 3 17 7 29 3 22 5 15 9 23 3 16 9 39 9 39 5 15 0 11
9 64 p4 22 3 38 0 14 3 22 6 35 7 26 5 13 8 39
9 65 p3 17 5 21 4 33 5 24 3 19 3 13 4 24 1 18 6 23
9 66 p4 40 6 14 6 18 6 35 4 31 1 13 9 34 3 26 2 38 6 29 3 19 6 14
9 67 p2 36 3 18 7 38 1 20 11 13 7 15
9 68 p2 13 4 14 3 23 3 29 8 23 2 30 1 12 8 18 3 18 10 14 10 32
9 69 p2 14 0 36 5 29 8 25 1 16 6 33 1 22 1 16 2 35 1 15 1 27
9 70 p1 26 9 33 10 13 11 28 4 23 2 38 1 19 3 14 11 27 2 36 0 16 1 14
10 71 p4 18 10 17 11 34 4 34 7 26 8 24 9 24 8 21 10 30 1 35
10 72 p2 32 6 33 1 29 5 24 4 19 8 13 6 30 10 27 6 25
10 73 p5 40 9 33 7 33 4 11 4 37 11 28 6 29 9 26 8 20 2 12 9 16
10 74 p5 17 5 38 10 26 2 35 7 25 8 38 7 17 9 38 1 36 7 30
10 75 p2 18 9 34 5 17 4 37 7 32 2 38 7 33 1 14 10 15
10 76 p3 39 2 27 7 14 5 31 3 15 2 33 6 38 8 38 7 12 5 11
10 77 p5 14 0 35 4 22 5 20 8 30 9 33 5 37 7 15
11 78 p2 14 9 25 6 20 10 36 8 40 3 17 0 40 7 21 0 16 7 28
11 79 p5 36 5 40 2 21 6 28 1 26 7 39 2 29 4 30 0 40 4 40 9 39
11 80 p3 34 6 37 2 18 10 28 1 34 10 13
12 81 p5 37 2 19 7 37 3 37 3 37 3 15 1 16
12 82 p3 15 2 30 7 16 1 26 9 15 5 25 6 13 11 30 10 38 11 31 9 40 0 28
12 83 p2 24 3 40 8 31 4 21 7 12 6 24 3 12 8 26
12 84 p2 11 10 24 10 17 8 30 1 17 2 34 0 22 4 13
13 85 p1 34 2 38 9 39 2 16 5 32 6 20 0 21 4 13
13 86 p5 24 7 15 3 19 8 27 6 15 6 23 3 36 5 27 11 15 10 23 3 13 1 13
13 87 p4 12 4 23 0 34 10 38 7 25 2 15 6 20 4 13 7 38 7 18 6 32 8 13
13 88 p5 33 9 22 10 20 5 27 3 12 5 38 7 36 7 15 2 36 8 20
13 89 p1 21 8 11 8 29 2 38 7 35 0 17 3 20
14 90 p1 15 8 35 2 24 2 39 1 17 3 29 8 11 4 36 8 31
14 91 p4 13 4 31 8 31 2 38 4 12 3 32 8 37 7 33 8 14 6 19 1 12 7 37
14 92 p4 27 6 17 10 37 2 36 4 33 6 14 6 16 4 36 2 38 6 38 8 28
14 93 p4 35 5 32 3 12 8 24 1 15 7 23
14 94 p2 28 4 37 6 20 5 15 1 18 10 19 3 25 4 30 2 24 9 32 11 20
14 95 p3 31 3 24 6 30 6 25 9 31 4 27 3 40 1 29
15 96 p1 26 0 26 2 12 0 17 6 22 9 11 10 26 8 39 3 22 7 23 7 36 2 33
15 97 p3 33 5 22 3 11 7 40 3 16 6 14 8 36 8 26 4 28 0 25
15 98 p3 23 6 18 4 15 8 19 7 40 1 40 2 26 11 33 6 13 2 27 10 12
15 99 p3 36 2 31 4 18 9 33 11 22 6 25 1 16 6 15

