0 0 p1 9 26 22 27 13 40 13 21 16 34 16 18 7 30 17 22 8 25 6
0 1 p3 20 32 15 20 16 30 15 32 10 26 20 13 21 30 20
0 2 p5 18 24 14 19 13 30 24 25 23 23 15 40 19 23 24
0 3 p4 5 35 15 31 5 29 13 36 6 19 13 11 8 18 21
0 4 p4 20 26 15 19 21 14 20 12 6 38 22 30 10 28 16 13 18 11 22
0 5 p4 12 29 18 29 5 11 7 30 12 31 21 22 11 21 11 14 18
1 6 p5 7 34 6 21 15 38 19 38 24 25 10 36 8 13 10 20 23
1 7 p2 15 18 21 30 20 22 15 32 13 16 21 16 11 27 19 16 19 37 5
1 8 p2 24 40 11 31 6 14 21 39 15 38 13 29 20 33 15 15 21
1 9 p4 22 17 21 29 12 34 19 27 7 23 10 11 21 30 23
1 10 p1 6 19 20 16 16 21 9 28 23 37 22 38 22 25 7 39 15 18 5
1 11 p1 18 25 20 33 24 14 11 34 9 22 15 22 19 14 23
1 12 p3 21 37 16 29 16 29 13 36 18 21 17 34 12 18 22 17 5
1 13 p4 14 27 12 24 5 25 13 20 12 28 11 40 23 13 7 24 11 26 5
1 14 p3 18 23 11 32 8 34 6 25 18 26 22 18 12 37 21 15 21 18 20
1 15 p2 24 19 17 12 6 36 23 40 21 30 14 34 10 20 17 19 11 34 6
2 16 p3 14 34 22 31 17 18 16 21 18 25 11 21 22 28 7 21 12
3 17 p2 22 27 14 25 18 23 7 12 19 30 11 14 22 27 24 33 8
3 18 p3 21 37 24 21 13 20 20 21 16 15 9 15 24 26 5 39 21 15 15
3 19 p1 18 34 14 30 19 33 8 27 24 23 21 12 23 17 9 23 24
3 20 p1 23 17 21 33 21 38 9 24 18 26 13 35 11 37 22
3 21 p5 9 14 8 21 15 26 23 17 7 19 21 24 20 16 14
3 22 p5 9 39 18 11 5 23 18 16 20 12 15 13 21 13 16 37 13
3 23 p5 9 20 20 38 12 27 17 31 17 29 24 33 20 40 19
3 24 p1 20 35 24 14 17 11 14 24 7 37 24 23 8 33 17
3 25 p4 21 18 21 37 5 34 12 36 6 16 16 13 6 23 8 31 8 26 7
4 26 p2 11 19 19 36 12 34 22 16 7 24 23 38 23 13 9
4 27 p2 24 36 17 37 22 37 14 19 22 34 20 12 24 39 6 33 15 21 23
4 28 p5 9 21 16 34 24 29 16 40 12 22 23 12 8 24 12 13 20 35 12
4 29 p1 12 15 8 34 17 32 23 33 11 15 13 31 8 11 23
4 30 p2 15 28 24 22 9 37 24 32 10 20 20 27 24 33 15 16 14 18 14
4 31 p2 10 14 17 21 13 29 15 19 19 27 23 12 24 39 10
5 32 p3 11 19 21 12 14 11 17 21 14 23 24 24 13 19 9 23 11 40 7
5 33 p3 9 29 14 26 20 33 22 33 21 28 8 22 12 35 9 31 8
6 34 p2 15 36 5 34 13 28 9 37 22 24 20 36 11 13 6
6 35 p3 9 25 9 26 13 16 21 23 24 39 16 18 20 25 10 32 13 24 11
6 36 p2 16 33 6 27 23 18 23 31 5 37 20 28 11 31 13 19 9
6 37 p4 13 19 15 25 12 35 11 31 24 36 8 20 8 37 21
6 38 p5 7 32 10 34 12 25 5 39 13 26 6 37 24 28 16 14 17
6 39 p1 18 30 10 12 12 27 22 17 20 23 16 13 17 16 23
6 40 p3 11 21 5 37 13 11 17 30 5 30 6 13 15 14 22
6 41 p4 21 38 11 15 13 30 11 36 5 24 6 11 5 20 16
7 42 p3 7 24 21 37 18 23 11 17 18 16 21 39 7 27 19 32 8 37 8
7 43 p4 18 16 18 31 21 37 19 38 11 40 14 17 9 17 21 25 7 32 20
7 44 p1 16 19 13 18 10 14 14 12 7 25 14 29 15 12 7 17 18 19 5
8 45 p1 12 34 14 29 23 18 20 32 10 40 12 30 24 13 13
8 46 p3 10 20 10 33 5 28 20 37 15 20 7 32 11 30 24 26 22 16 8
8 47 p4 10 23 10 21 20 18 19 12 20 37 7 36 14 28 11 18 15 35 10
8 48 p5 22 32 10 15 16 13 20 15 22 36 15 26 14 40 11 40 6 28 19
8 49 p3 6 31 5 31 23 18 5 40 19 32 8 40 23 38 9 39 5 38 22
9 50 p5 5 27 12 26 7 19 16 38 18 16 20 40 13 38 18 23 14
9 51 p1 5 16 24 39 24 21 17 11 16 26 15 36 8 19 9 26 8 28 21
9 52 p1 21 25 12 19 7 38 21 18 20 22 22 40 20 21 22 33 5
10 53 p2 12 19 17 15 9 37 5 13 22 26 12 14 16 37 6 28 16 28 6
10 54 p3 20 32 16 18 21 11 23 36 24 14 23 37 19 24 15 35 14
10 55 p2 6 27 19 11 18 25 6 24 23 40 5 34 22 18 16
10 56 p2 7 11 15 19 14 11 16 34 12 17 22 20 13 30 23 16 9
10 57 p3 15 14 18 34 17 13 20 38 12 39 5 31 10 39 18
11 58 p1 22 28 10 37 7 25 23 15 13 36 7 35 12 32 22 27 19
11 59 p3 11 28 21 24 14 15 8 29 15 15 22 21 18 36 16
11 60 p4 8 30 22 29 7 12 21 27 5 21 22 11 12 16 16
11 61 p2 22 19 14 18 23 17 18 31 12 40 9 26 10 36 16 17 19 18 10
11 62 p4 20 23 6 27 5 27 6 37 16 14 18 23 11 37 10 27 18 18 18
11 63 p1 7 39 24 23 6 25 19 20 5 28 10 33 22 40 24
11 64 p2 14 22 20 16 16 38 10 18 17 38 24 29 24 23 6
11 65 p1 6 15 23 24 22 15 23 13 16 12 9 21 13 22 10 29 10 26 10
11 66 p5 10 14 18 40 23 24 13 18 6 11 6 35 7 20 6 26 23
11 67 p5 13 20 11 38 12 11 16 27 24 23 9 23 18 36 23
12 68 p4 5 17 14 38 8 18 21 19 18 38 15 17 12 18 13 38 6 24 21
12 69 p4 17 25 10 37 18 22 16 17 11 12 8 32 16 36 7
12 70 p4 16 36 6 28 10 31 19 30 10 37 15 26 20 31 19
12 71 p1 16 19 12 23 22 39 21 24 6 14 18 36 7 21 22 29 14
12 72 p1 7 32 6 33 17 20 15 24 19 36 13 22 12 33 21
12 73 p3 5 15 20 21 18 18 8 24 7 24 14 24 15 27 24
12 74 p2 22 15 7 29 24 19 23 37 11 40 21 25 10 37 11
12 75 p2 21 32 7 11 16 33 24 36 22 36 11 36 6 33 6 33 7 14 18
12 76 p5 17 15 19 30 8 38 11 19 22 40 15 22 11 15 6 16 11 17 24
13 77 p2 14 33 23 18 18 34 16 37 10 13 17 38 14 26 20
13 78 p5 9 11 23 20 13 19 13 21 21 17 20 29 10 25 15
13 79 p4 15 31 21 18 18 28 24 32 20 24 5 14 19 21 13
13 80 p1 8 38 17 40 24 23 17 18 18 14 12 27 13 38 6 31 10
13 81 p5 9 14 24 30 17 21 14 19 6 11 13 17 7 15 16
14 82 p3 17 23 20 33 8 30 10 39 11 15 17 16 7 25 16 32 23 21 20
14 83 p5 9 20 5 23 22 30 24 11 21 24 24 37 18 40 24 17 23 37 15
14 84 p5 14 35 9 13 17 19 9 16 20 25 9 38 9 25 19 27 8
15 85 p3 15 13 8 13 9 39 16 16 16 17 12 26 22 16 19 31 24
15 86 p1 15 16 6 19 16 30 6 33 11 22 19 16 20 19 12 17 6 26 21
15 87 p4 22 38 16 24 9 24 11 22 10 27 10 20 17 32 19 14 23
15 88 p5 17 19 17 18 16 40 16 37 21 36 17 29 20 21 13 33 13
15 89 p5 20 15 17 30 10 24 6 25 20 33 5 18 6 34 19
15 90 p4 11 27 11 35 21 26 16 40 23 16 24 14 6 25 9
15 91 p3 22 23 23 19 6 23 20 33 11 39 22 38 23 32 12 22 12
16 92 p4 20 38 11 26 19 37 9 31 7 25 11 13 24 24 18 31 17 22 8
16 93 p3 8 36 10 29 14 13 23 32 7 15 22 27 23 31 10
16 94 p4 21 15 19 27 13 30 5 20 16 22 9 17 15 24 7
16 95 p1 17 29 15 19 8 40 12 18 13 23 9 38 19 31 13 20 7
16 96 p5 20 14 21 29 18 28 12 39 18 33 23 26 17 36 15
16 97 p2 18 18 10 32 19 20 12 30 15 38 20 25 23 23 9 26 11
16 98 p5 21 27 9 29 18 40 22 19 6 18 13 30 15 26 11 12 9
16 99 p2 6 20 17 27 10 34 24 34 16 21 20 37 10 33 12 28 10
