0 0 p5 9 6 7 4 8 4 7 2 6 6 7 8 7 9 4 9 5 8 5
0 1 p4 9 9 3 8 6 1 10 7 6 5 9 9 10 5 3 1 9 7 2 5 3 8 5
0 2 p2 3 4 1 4 3 10 2 7 5 4 4 1 4 4 3 6 5 5 8 8 5
1 3 p3 10 9 4 1 10 5 2 3 7 9 1 9 2 10 7 7 10 6 10
1 4 p5 2 1 5 3 8 3 8 5 1 5 8 6 2 4 2 7 1 8 6 9 1 7 9 4 8 9 3
1 5 p3 7 5 6 6 1 1 2 5 10 3 7 4 8 10 10
2 6 p3 5 5 8 1 2 9 2 8 3 5 3 6 2 8 4 3 2 6 5
2 7 p3 6 4 7 6 8 8 8 10 9 5 4 7 5 8 4 4 8
2 8 p3 9 4 4 8 5 7 7 7 4 6 2 6 9 3 8
3 9 p3 4 9 1 4 6 5 7 7 7 5 5 4 5 7 2 3 1 8 5 5 1 5 5 7 7
3 10 p2 4 4 7 3 5 5 10 3 10 7 3 7 6 10 6 9 6 7 10 9 8
4 11 p5 5 2 6 4 6 6 2 3 10 5 8 8 2 2 9 10 10 4 10 5 9
5 12 p5 10 10 10 2 2 6 9 9 3 5 1 5 10 5 3 6 6
5 13 p2 2 4 7 9 2 2 4 3 1 1 7 3 10 4 8 9 8 9 1 6 5
6 14 p4 6 1 8 9 10 6 8 6 4 8 9 2 6 5 1
6 15 p1 5 1 6 3 8 3 1 2 6 6 7 3 1 4 7 9 6 3 3 4 5 8 5 10 8 5 2
6 16 p5 1 1 6 5 8 4 4 3 3 9 6 6 6 1 5 6 9 7 1 2 6
7 17 p3 6 9 4 4 3 4 4 9 6 1 6 5 6 8 4 9 8
7 18 p2 6 1 1 1 9 5 9 5 5 1 2 4 1 3 6
7 19 p2 5 3 6 1 3 7 6 8 6 6 4 10 7 4 9
7 20 p5 5 4 9 9 8 9 9 10 3 7 9 2 8 5 7
8 21 p2 1 3 4 8 10 4 4 5 7 4 4 3 4 3 8 6 4 1 4 7 8
9 22 p5 6 7 6 8 3 4 4 6 9 1 3 8 6 2 9 10 2 3 4 1 2 3 10 3 5 7 6
10 23 p2 7 7 2 4 9 3 1 9 8 8 10 7 10 2 1
10 24 p3 9 2 3 4 4 9 2 4 9 6 2 7 10 5 8
11 25 p5 4 7 2 6 1 4 1 6 9 5 3 8 10 10 9 5 1 2 2 4 8 1 9 7 5 4 1
12 26 p2 5 6 6 7 10 1 10 9 2 4 9 6 5 10 2 9 2 7 10 3 9 7 5
12 27 p4 10 10 1 3 3 3 8 10 3 6 2 8 1 7 6 7 3 9 6 2 1
12 28 p3 10 10 3 3 2 7 1 6 9 1 3 8 5 4 5 4 2
12 29 p2 6 7 10 8 3 1 4 8 9 8 3 8 9 9 1 10 8 9 5
13 30 p1 10 10 3 10 1 4 1 3 1 1 8 6 4 5 3 3 1 2 5 4 8 2 9 1 6 3 5
13 31 p3 2 6 9 10 5 6 10 4 10 3 10 5 8 1 7
13 32 p3 7 6 2 8 1 8 4 6 6 8 6 6 4 9 10 6 6 5 1 7 8 4 4 7 2 10 6
13 33 p2 10 2 3 7 5 8 5 8 8 10 2 1 8 6 10
13 34 p1 6 8 6 4 10 9 2 2 1 9 4 9 3 6 2 9 3 1 4 3 5 4 5
14 35 p3 7 8 3 6 10 8 10 9 1 3 5 3 9 1 5 2 1 1 8 9 6 1 10 6 2 1 2
14 36 p5 4 6 8 8 8 3 6 3 3 8 1 7 6 5 4 1 8 5 1 2 8 9 7 8 8 1 8
14 37 p1 4 6 1 8 3 9 10 9 7 7 6 7 4 8 4 1 3 10 6
14 38 p1 10 6 9 5 9 7 2 6 6 8 8 10 2 9 6
14 39 p5 6 2 4 7 2 2 1 2 7 2 6 10 9 6 10 8 5 5 2
15 40 p4 1 6 5 4 1 8 8 1 5 10 1 1 2 10 2 8 1 10 4 6 7 8 10 4 10 6 5
15 41 p3 5 2 10 5 1 9 6 9 4 10 9 7 3 10 9 9 2 8 6 8 7
16 42 p5 7 2 9 5 8 9 4 2 4 7 6 10 3 10 3 3 7 3 8 9 7
16 43 p3 5 4 10 9 10 1 10 5 4 10 6 7 7 2 9 10 6 1 5 9 8 3 9
17 44 p4 6 4 2 10 9 7 5 7 2 5 9 6 2 8 2
18 45 p4 6 5 10 6 9 6 1 10 3 6 10 10 9 9 5 5 1 7 9 8 9
19 46 p3 7 1 10 3 7 2 7 2 3 2 6 7 8 5 3 4 4 9 4 7 10
19 47 p1 1 5 5 9 6 2 1 4 1 9 9 5 6 10 8
20 48 p1 2 10 5 9 4 2 1 9 10 5 8 8 7 6 8 8 2 10 6 8 6 4 5
20 49 p4 7 10 10 5 1 8 2 4 6 7 4 1 4 1 4 5 5 2 4 10 7 2 3
