0 0 p5 11 13 11 14 6 11 13 14 8 16 14
0 1 p3 13 30 12 25 5 20 13 28 8 26 8 19 6
0 2 p3 7 26 13 15 14 25 6 11 6 29 11 25 11
0 3 p2 5 29 7 13 8 23 11 11 6
1 4 p4 11 17 10 18 12 23 8 24 6
1 5 p3 9 20 9 28 7 11 8 29 10 13 9 13 12
1 6 p2 13 14 6 19 8 24 13 17 12 14 9 24 8
1 7 p5 10 13 8 19 8 23 8 16 14
1 8 p2 7 17 12 16 13 27 13 17 12 22 13
2 9 p2 8 24 11 15 14 13 11 16 14 22 8 27 9
3 10 p5 5 16 14 30 9 26 6 15 6 20 7 17 6
3 11 p1 9 27 12 23 5 24 9 15 6
3 12 p2 14 26 7 19 9 30 11 14 6 16 7
3 13 p3 12 22 10 20 12 28 6 28 8 29 9
4 14 p4 9 16 8 11 9 12 13 13 7
5 15 p2 9 29 13 22 12 21 6 26 7 11 12
6 16 p2 10 28 8 28 14 18 9 12 11
7 17 p1 11 21 9 26 14 29 13 15 12
7 18 p5 9 13 7 29 6 14 7 21 10 29 7
7 19 p4 5 17 13 25 7 11 10 13 8 22 10
8 20 p2 9 23 8 28 9 11 11 20 5 13 6 16 7
9 21 p5 8 30 12 27 13 23 7 11 6
9 22 p3 11 24 12 11 7 28 6 17 11 27 12 20 7
9 23 p1 11 28 10 25 9 16 6 29 12 13 8
10 24 p2 9 29 9 27 10 12 12 23 9
10 25 p2 6 12 10 16 5 16 10 27 13
11 26 p3 12 16 9 22 5 26 10 27 10 30 11
12 27 p3 5 17 12 13 8 11 13 11 8
12 28 p4 14 29 5 17 6 27 5 21 7
13 29 p3 10 16 6 13 13 20 7 20 7 25 9
13 30 p2 7 29 12 24 6 23 10 14 10
13 31 p3 5 28 8 21 11 24 12 16 12 27 14
13 32 p4 14 30 8 14 9 21 13 27 5 22 14 11 6
13 33 p5 7 15 11 23 9 19 12 13 6 30 12
14 34 p3 7 27 10 11 8 25 5 27 10 26 13
14 35 p5 7 14 12 30 11 12 11 26 12 19 7
15 36 p5 12 20 6 17 14 16 5 18 6
15 37 p3 7 21 10 26 13 19 5 19 12 18 12 25 14
16 38 p4 10 13 8 22 11 27 7 20 12 16 13
16 39 p1 5 14 12 20 13 12 10 24 11
16 40 p4 5 29 9 24 9 13 6 29 12 12 14
16 41 p4 14 14 5 26 10 21 8 24 5 19 7
16 42 p2 5 29 11 29 8 13 13 23 12 17 10 15 10
17 43 p2 6 20 6 19 10 18 8 25 12 16 12
17 44 p1 14 20 6 30 12 28 10 13 11 28 5
17 45 p4 8 30 14 27 5 14 9 11 11
17 46 p4 7 25 11 11 7 25 13 23 13 28 8
17 47 p4 11 18 9 15 7 19 11 28 12 20 9
18 48 p4 10 23 8 14 8 17 7 23 6 16 11 18 6
19 49 p5 11 20 14 24 14 16 13 13 14 18 12 25 14
