0 0 p3 25 5 16 1 17 8 33 4 12 6 21
0 1 p4 29 1 22 3 15 4 18 3 18 3 24
0 2 p4 29 5 17 8 17 2 11 3 27 4 19 4 23
0 3 p2 23 1 22 2 29 1 23 3 23 1 25 5 23
1 4 p3 26 3 21 6 23 5 12 7 12 2 23
1 5 p1 25 8 25 2 28 4 24 3 12 3 24 8 33
1 6 p1 15 5 15 3 29 3 27 1 16 5 19 5 17 3 27
1 7 p5 16 4 19 8 16 1 27 3 29
1 8 p1 21 3 18 4 14 5 33 6 19 1 13
2 9 p5 28 1 24 1 24 3 28 4 21 6 26
2 10 p4 19 5 12 3 16 6 26 5 29 5 27 7 16 5 33
2 11 p3 19 4 23 5 24 1 14 4 15
3 12 p3 17 4 14 2 27 8 25 7 28 5 21 1 22 1 18
3 13 p1 27 8 25 5 23 1 26 7 12 7 24
3 14 p4 16 6 29 3 22 6 18 8 23 3 22
3 15 p4 16 7 26 7 18 6 27 8 23 3 14 8 16 3 26
3 16 p1 33 6 26 6 11 5 16 3 15
4 17 p3 28 4 14 8 16 3 16 1 33 1 22
4 18 p5 33 3 13 3 16 3 27 8 24 3 29 5 16 3 22
4 19 p2 18 7 13 4 24 4 13 1 12 8 11
5 20 p4 21 7 16 3 11 8 33 4 29 3 13 8 22
5 21 p5 25 1 15 7 27 6 25 1 21 7 15
5 22 p2 11 6 13 8 23 4 18 7 19 2 28 5 33 3 25
5 23 p5 15 6 25 3 27 7 13 6 33
5 24 p5 15 4 23 1 12 3 25 5 11 3 18 5 27
6 25 p4 24 3 14 1 17 3 33 1 29
6 26 p2 29 6 15 1 13 1 17 7 29 3 19
6 27 p5 22 1 19 8 33 6 13 6 23
6 28 p3 25 1 26 4 12 1 33 4 11 1 13 1 11
7 29 p3 11 5 16 1 25 8 19 8 12 6 23 1 15
7 30 p3 13 3 16 3 23 2 17 5 11 6 21 6 27
7 31 p3 15 4 21 3 17 6 21 5 23
7 32 p4 29 4 24 1 12 1 11 6 17
8 33 p2 15 1 12 8 25 7 14 1 29 1 13 3 19 1 19
8 34 p1 33 6 18 2 25 3 28 5 22 3 14 4 25
8 35 p1 13 2 15 8 26 7 15 6 23 6 23 7 26 7 17
8 36 p5 14 8 26 2 28 3 17 4 11 4 33 8 18
9 37 p5 27 1 24 5 18 1 11 6 33
10 38 p2 23 3 11 1 23 1 26 4 18 7 27 6 23
10 39 p2 14 2 23 5 14 6 19 4 28 5 14
10 40 p5 21 3 11 7 33 6 12 3 23
10 41 p4 22 8 12 3 25 1 26 7 17 1 12
10 42 p3 18 1 11 3 24 7 23 5 21 6 16 1 33
11 43 p1 16 7 18 1 16 7 23 4 14
11 44 p5 23 3 27 3 18 6 29 7 12 8 33
11 45 p5 14 1 13 8 11 3 23 3 14 1 13
12 46 p5 16 1 21 1 22 1 33 1 21
12 47 p4 29 2 15 3 19 2 28 5 18 3 23 3 21
13 48 p2 18 5 16 1 21 1 27 6 29
13 49 p4 23 3 18 8 19 3 27 8 26 1 25 3 14 3 21
