0 0 p4 4 1 5 1 4 6 2 6 6 1 4 6 3
0 1 p5 5 5 3 1 5 6 2 4 2 5 5 6 2 1 3
1 2 p2 2 6 4 3 4 6 2 5 5 4 1 6 6 4 6 4 5
1 3 p5 3 5 3 3 3 3 5 3 3 1 4 5 6 6 5 2 2 5 4
1 4 p2 3 4 1 2 6 1 6 6 4 2 6 5 1
2 5 p5 4 1 3 2 4 4 1 3 4 6 5 1 6
2 6 p5 2 3 5 6 4 3 3 5 3 4 6 6 5 4 1
3 7 p3 4 5 6 5 1 2 2 5 3 6 4 1 3 2 3 1 4 4 1
3 8 p5 6 1 3 1 2 6 3 5 3 6 3 3 6 6 3
4 9 p3 5 1 2 5 1 5 4 1 2 2 5 2 2 4 4
5 10 p5 4 5 4 1 1 6 5 6 4 5 3 1 2 3 3 6 1
5 11 p1 6 5 4 3 5 1 2 5 2 3 1 4 3 6 4 3 1 3 3
6 12 p4 3 3 1 5 2 2 5 5 2 6 4 3 4
6 13 p4 2 5 5 2 6 3 2 3 6 2 1 4 1
6 14 p4 6 6 2 3 5 6 6 3 3 4 6 2 5 6 6
7 15 p4 2 2 4 6 4 3 1 6 2 4 1 6 3
7 16 p2 6 6 1 2 5 5 6 2 3 5 5 1 6 5 6 4 6 2 6
8 17 p5 2 2 1 2 2 1 6 1 6 4 1 5 3 3 6 2 3 6 2
8 18 p4 2 2 1 6 3 6 5 4 6 4 1 6 1 1 3 2 3
8 19 p4 3 1 2 4 2 2 3 4 5 6 4 2 2 5 3 5 3
